maxStars:100.0
minSpeed:0.5
maxSpeed:10.0
col0:-13334094
col1:-4335700
blurLevel:0.0
trailLevel:1.8000002
accelerationTime:1.5999999
speedFactor:4.0
speedUpTime:1.0
distributeTime:1.0
stackingTime:5.0
organizeTime:1.0
speedDownTime:1.0
lineWidth:0.0
expressionColor:-8867664
