maxStars:200.0
minSpeed:0.5
maxSpeed:10.0
col0:-30709
col1:-1720679
blurLevel:0.0
trailLevel:1.0
accelerationTime:1.0
speedFactor:1.0
speedUpTime:1.0
distributeTime:4.3434343
stackingTime:3.4343433
organizeTime:4.3434343
speedDownTime:1.0
