maxStars:105.0
minSpeed:0.5151515
maxSpeed:10.0
col0:-10974
col1:-16981349
blurLevel:0.0
trailLevel:0.909091
accelerationTime:1.4141414
speedFactor:3.090909
speedUpTime:1.7171717
distributeTime:3.6363637
stackingTime:3.7373736
organizeTime:2.2222223
speedDownTime:1.0
