maxStars:50.0
minSpeed:1.5454546
maxSpeed:10.0
col0:-16757249
col1:-6710887
blurLevel:0.0
trailLevel:0.0
accelerationTime:1.4141414
speedFactor:3.090909
speedUpTime:0.0
distributeTime:0.4040404
stackingTime:7.7777777
organizeTime:2.2222223
speedDownTime:1.0
